(kicad_pcb (version 20171130) (host pcbnew "(5.1.9)-1")

  (general
    (thickness 1.6)
    (drawings 6)
    (tracks 972)
    (zones 0)
    (modules 97)
    (nets 74)
  )

  (page A)
  (title_block
    (title "7SBMS - Balance Board")
    (date 2019-07-17)
    (rev A0)
    (company simple-ee.com)
  )

  (layers
    (0 Top_Layer signal)
    (31 Bottom_Layer signal)
    (32 B.Adhes user)
    (33 F.Adhes user)
    (34 B.Paste user)
    (35 F.Paste user)
    (36 B.SilkS user)
    (37 F.SilkS user)
    (38 B.Mask user)
    (39 F.Mask user)
    (44 Edge.Cuts user)
    (45 Margin user)
    (46 B.CrtYd user)
    (47 F.CrtYd user)
    (49 F.Fab user hide)
  )

  (setup
    (last_trace_width 1.5)
    (user_trace_width 0.3)
    (user_trace_width 0.4)
    (user_trace_width 0.5)
    (user_trace_width 0.6)
    (user_trace_width 0.65)
    (user_trace_width 0.7)
    (user_trace_width 0.8)
    (user_trace_width 0.9)
    (user_trace_width 1)
    (user_trace_width 1.1)
    (user_trace_width 1.2)
    (user_trace_width 1.3)
    (user_trace_width 1.4)
    (user_trace_width 1.5)
    (user_trace_width 2)
    (trace_clearance 0.2)
    (zone_clearance 0.2)
    (zone_45_only no)
    (trace_min 0.2)
    (via_size 0.8)
    (via_drill 0.4)
    (via_min_size 0.4)
    (via_min_drill 0.3)
    (user_via 0.6 0.4)
    (user_via 0.8 0.4)
    (user_via 1 0.6)
    (user_via 2 1)
    (uvia_size 0.3)
    (uvia_drill 0.1)
    (uvias_allowed no)
    (uvia_min_size 0.2)
    (uvia_min_drill 0.1)
    (edge_width 0.05)
    (segment_width 0.2)
    (pcb_text_width 0.3)
    (pcb_text_size 1.5 1.5)
    (mod_edge_width 0.12)
    (mod_text_size 0.6 0.6)
    (mod_text_width 0.15)
    (pad_size 6 6)
    (pad_drill 3.4)
    (pad_to_mask_clearance 0)
    (aux_axis_origin 95.8 161.35)
    (visible_elements 7FFFFF7F)
    (pcbplotparams
      (layerselection 0x010fc_ffffffff)
      (usegerberextensions true)
      (usegerberattributes true)
      (usegerberadvancedattributes false)
      (creategerberjobfile false)
      (excludeedgelayer true)
      (linewidth 0.254000)
      (plotframeref false)
      (viasonmask false)
      (mode 1)
      (useauxorigin true)
      (hpglpennumber 1)
      (hpglpenspeed 20)
      (hpglpendiameter 15.000000)
      (psnegative false)
      (psa4output false)
      (plotreference true)
      (plotvalue true)
      (plotinvisibletext false)
      (padsonsilk false)
      (subtractmaskfromsilk false)
      (outputformat 1)
      (mirror false)
      (drillshape 0)
      (scaleselection 1)
      (outputdirectory "gerber/20210213_A3/"))
  )

  (net 0 "")
  (net 1 GND)
  (net 2 /BAT0)
  (net 3 /BAT1)
  (net 4 /BAT2)
  (net 5 /BAT3)
  (net 6 /BAT4)
  (net 7 /BAT5)
  (net 8 /BAT6)
  (net 9 /BAT7)
  (net 10 "Net-(Q201-Pad3)")
  (net 11 "Net-(Q202-Pad3)")
  (net 12 "Net-(Q203-Pad3)")
  (net 13 "Net-(Q204-Pad3)")
  (net 14 "Net-(Q205-Pad3)")
  (net 15 "Net-(Q206-Pad3)")
  (net 16 "Net-(Q207-Pad3)")
  (net 17 "Net-(Q208-Pad3)")
  (net 18 "Net-(Q209-Pad2)")
  (net 19 "Net-(Q209-Pad6)")
  (net 20 "Net-(Q210-Pad2)")
  (net 21 "Net-(Q210-Pad6)")
  (net 22 "Net-(Q211-Pad2)")
  (net 23 "Net-(Q211-Pad6)")
  (net 24 "Net-(Q212-Pad2)")
  (net 25 "Net-(Q212-Pad6)")
  (net 26 "Net-(Q213-Pad3)")
  (net 27 "Net-(Q214-Pad3)")
  (net 28 "Net-(Q215-Pad3)")
  (net 29 "Net-(Q216-Pad3)")
  (net 30 "Net-(Q217-Pad1)")
  (net 31 "Net-(Q217-Pad3)")
  (net 32 "Net-(Q218-Pad3)")
  (net 33 "Net-(Q218-Pad1)")
  (net 34 "Net-(Q219-Pad3)")
  (net 35 "Net-(Q219-Pad1)")
  (net 36 "Net-(Q220-Pad1)")
  (net 37 "Net-(Q220-Pad3)")
  (net 38 "Net-(Q221-Pad2)")
  (net 39 "Net-(Q221-Pad6)")
  (net 40 "Net-(Q222-Pad2)")
  (net 41 "Net-(Q222-Pad6)")
  (net 42 "Net-(Q223-Pad2)")
  (net 43 "Net-(Q223-Pad6)")
  (net 44 "Net-(Q224-Pad2)")
  (net 45 "Net-(Q224-Pad6)")
  (net 46 "Net-(Q221-Pad1)")
  (net 47 "Net-(Q222-Pad1)")
  (net 48 "Net-(Q223-Pad1)")
  (net 49 "Net-(Q224-Pad1)")
  (net 50 "Net-(Q205-Pad1)")
  (net 51 "Net-(Q206-Pad1)")
  (net 52 "Net-(Q207-Pad1)")
  (net 53 "Net-(Q208-Pad1)")
  (net 54 "Net-(Q209-Pad1)")
  (net 55 "Net-(Q210-Pad1)")
  (net 56 "Net-(Q211-Pad1)")
  (net 57 "Net-(Q212-Pad1)")
  (net 58 "Net-(R321-Pad2)")
  (net 59 "Net-(R313-Pad2)")
  (net 60 "Net-(R315-Pad2)")
  (net 61 "Net-(R317-Pad2)")
  (net 62 "Net-(R329-Pad2)")
  (net 63 "Net-(R331-Pad2)")
  (net 64 "Net-(R333-Pad2)")
  (net 65 "Net-(R335-Pad2)")
  (net 66 /D3)
  (net 67 /D2)
  (net 68 /D1)
  (net 69 /D0)
  (net 70 /D7)
  (net 71 /D6)
  (net 72 /D5)
  (net 73 /D4)

  (net_class Default "This is the default net class."
    (clearance 0.2)
    (trace_width 0.2)
    (via_dia 0.8)
    (via_drill 0.4)
    (uvia_dia 0.3)
    (uvia_drill 0.1)
    (diff_pair_width 0.2)
    (diff_pair_gap 0.2)
    (add_net /BAT0)
    (add_net /BAT1)
    (add_net /BAT2)
    (add_net /BAT3)
    (add_net /BAT4)
    (add_net /BAT5)
    (add_net /BAT6)
    (add_net /BAT7)
    (add_net /D0)
    (add_net /D1)
    (add_net /D2)
    (add_net /D3)
    (add_net /D4)
    (add_net /D5)
    (add_net /D6)
    (add_net /D7)
    (add_net GND)
    (add_net "Net-(Q201-Pad3)")
    (add_net "Net-(Q202-Pad3)")
    (add_net "Net-(Q203-Pad3)")
    (add_net "Net-(Q204-Pad3)")
    (add_net "Net-(Q205-Pad1)")
    (add_net "Net-(Q205-Pad3)")
    (add_net "Net-(Q206-Pad1)")
    (add_net "Net-(Q206-Pad3)")
    (add_net "Net-(Q207-Pad1)")
    (add_net "Net-(Q207-Pad3)")
    (add_net "Net-(Q208-Pad1)")
    (add_net "Net-(Q208-Pad3)")
    (add_net "Net-(Q209-Pad1)")
    (add_net "Net-(Q209-Pad2)")
    (add_net "Net-(Q209-Pad6)")
    (add_net "Net-(Q210-Pad1)")
    (add_net "Net-(Q210-Pad2)")
    (add_net "Net-(Q210-Pad6)")
    (add_net "Net-(Q211-Pad1)")
    (add_net "Net-(Q211-Pad2)")
    (add_net "Net-(Q211-Pad6)")
    (add_net "Net-(Q212-Pad1)")
    (add_net "Net-(Q212-Pad2)")
    (add_net "Net-(Q212-Pad6)")
    (add_net "Net-(Q213-Pad3)")
    (add_net "Net-(Q214-Pad3)")
    (add_net "Net-(Q215-Pad3)")
    (add_net "Net-(Q216-Pad3)")
    (add_net "Net-(Q217-Pad1)")
    (add_net "Net-(Q217-Pad3)")
    (add_net "Net-(Q218-Pad1)")
    (add_net "Net-(Q218-Pad3)")
    (add_net "Net-(Q219-Pad1)")
    (add_net "Net-(Q219-Pad3)")
    (add_net "Net-(Q220-Pad1)")
    (add_net "Net-(Q220-Pad3)")
    (add_net "Net-(Q221-Pad1)")
    (add_net "Net-(Q221-Pad2)")
    (add_net "Net-(Q221-Pad6)")
    (add_net "Net-(Q222-Pad1)")
    (add_net "Net-(Q222-Pad2)")
    (add_net "Net-(Q222-Pad6)")
    (add_net "Net-(Q223-Pad1)")
    (add_net "Net-(Q223-Pad2)")
    (add_net "Net-(Q223-Pad6)")
    (add_net "Net-(Q224-Pad1)")
    (add_net "Net-(Q224-Pad2)")
    (add_net "Net-(Q224-Pad6)")
    (add_net "Net-(R313-Pad2)")
    (add_net "Net-(R315-Pad2)")
    (add_net "Net-(R317-Pad2)")
    (add_net "Net-(R321-Pad2)")
    (add_net "Net-(R329-Pad2)")
    (add_net "Net-(R331-Pad2)")
    (add_net "Net-(R333-Pad2)")
    (add_net "Net-(R335-Pad2)")
  )

  (module Modules:8S_PASSIVE_V2 (layer Top_Layer) (tedit 60C6A102) (tstamp 60C2A0D9)
    (at 138.8 80.85)
    (path /60C25868)
    (fp_text reference U101 (at -0.310001 35.5) (layer F.SilkS)
      (effects (font (size 1 1) (thickness 0.15)))
    )
    (fp_text value 8S_PASSIVE_V2 (at 0 -36.83) (layer F.Fab)
      (effects (font (size 1 1) (thickness 0.15)))
    )
    (fp_text user B1 (at 24.13 5.08) (layer F.SilkS)
      (effects (font (size 1 1) (thickness 0.25)))
    )
    (fp_text user B7 (at 24.13 -10.16) (layer F.SilkS)
      (effects (font (size 1 1) (thickness 0.25)))
    )
    (fp_text user B6 (at 24.13 -7.62) (layer F.SilkS)
      (effects (font (size 1 1) (thickness 0.25)))
    )
    (fp_text user B5 (at 24.13 -5.08) (layer F.SilkS)
      (effects (font (size 1 1) (thickness 0.25)))
    )
    (fp_text user B4 (at 24.13 -2.54) (layer F.SilkS)
      (effects (font (size 1 1) (thickness 0.25)))
    )
    (fp_text user B3 (at 24.13 0) (layer F.SilkS)
      (effects (font (size 1 1) (thickness 0.25)))
    )
    (fp_text user B2 (at 24.13 2.54) (layer F.SilkS)
      (effects (font (size 1 1) (thickness 0.25)))
    )
    (fp_text user B0 (at 24.13 7.62) (layer F.SilkS)
      (effects (font (size 1 1) (thickness 0.25)))
    )
    (fp_text user GND (at 24.13 10.16) (layer F.SilkS)
      (effects (font (size 1 1) (thickness 0.25)))
    )
    (fp_text user D7 (at -24.13 -10.16) (layer F.SilkS)
      (effects (font (size 1 1) (thickness 0.25)))
    )
    (fp_text user D6 (at -24.13 -7.62) (layer F.SilkS)
      (effects (font (size 1 1) (thickness 0.25)))
    )
    (fp_text user D5 (at -24.13 -5.08) (layer F.SilkS)
      (effects (font (size 1 1) (thickness 0.25)))
    )
    (fp_text user D4 (at -24.13 -2.54) (layer F.SilkS)
      (effects (font (size 1 1) (thickness 0.25)))
    )
    (fp_text user D3 (at -24.13 0) (layer F.SilkS)
      (effects (font (size 1 1) (thickness 0.25)))
    )
    (fp_text user D2 (at -24.13 2.54) (layer F.SilkS)
      (effects (font (size 1 1) (thickness 0.25)))
    )
    (fp_text user D1 (at -24.13 5.08) (layer F.SilkS)
      (effects (font (size 1 1) (thickness 0.25)))
    )
    (fp_text user D0 (at -24.13 7.62) (layer F.SilkS)
      (effects (font (size 1 1) (thickness 0.25)))
    )
    (fp_text user GND (at -24.13 10.16) (layer F.SilkS)
      (effects (font (size 1 1) (thickness 0.25)))
    )
    (fp_line (start -30 35) (end 0 35) (layer F.Fab) (width 0.12))
    (fp_line (start -30 30) (end -30 35) (layer F.Fab) (width 0.12))
    (fp_line (start -30 -35) (end -30 30) (layer F.Fab) (width 0.12))
    (fp_line (start 30 -35) (end -30 -35) (layer F.Fab) (width 0.12))
    (fp_line (start 30 35) (end 30 -35) (layer F.Fab) (width 0.12))
    (fp_line (start 0 35) (end 30 35) (layer F.Fab) (width 0.12))
    (pad "" thru_hole circle (at 25.4 30.48) (size 6 6) (drill 3.4) (layers *.Cu *.Mask)
      (net 1 GND))
    (pad "" thru_hole circle (at 25.4 -30.48) (size 6 6) (drill 3.4) (layers *.Cu *.Mask)
      (net 1 GND))
    (pad 1 thru_hole circle (at -27.94 -10.16) (size 2 2) (drill 1) (layers *.Cu *.Mask)
      (net 70 /D7))
    (pad 10 thru_hole circle (at 27.94 -10.16) (size 2 2) (drill 1) (layers *.Cu *.Mask)
      (net 9 /BAT7))
    (pad 11 thru_hole circle (at 27.94 -7.62) (size 2 2) (drill 1) (layers *.Cu *.Mask)
      (net 8 /BAT6))
    (pad 12 thru_hole circle (at 27.94 -5.08) (size 2 2) (drill 1) (layers *.Cu *.Mask)
      (net 7 /BAT5))
    (pad 13 thru_hole circle (at 27.94 -2.54) (size 2 2) (drill 1) (layers *.Cu *.Mask)
      (net 6 /BAT4))
    (pad 18 thru_hole circle (at 27.94 10.16) (size 2 2) (drill 1) (layers *.Cu *.Mask)
      (net 1 GND))
    (pad 17 thru_hole circle (at 27.94 7.62) (size 2 2) (drill 1) (layers *.Cu *.Mask)
      (net 2 /BAT0))
    (pad 16 thru_hole circle (at 27.94 5.08) (size 2 2) (drill 1) (layers *.Cu *.Mask)
      (net 3 /BAT1))
    (pad 15 thru_hole circle (at 27.94 2.54) (size 2 2) (drill 1) (layers *.Cu *.Mask)
      (net 4 /BAT2))
    (pad 14 thru_hole circle (at 27.94 0) (size 2 2) (drill 1) (layers *.Cu *.Mask)
      (net 5 /BAT3))
    (pad 2 thru_hole circle (at -27.94 -7.62) (size 2 2) (drill 1) (layers *.Cu *.Mask)
      (net 71 /D6))
    (pad 3 thru_hole circle (at -27.94 -5.08) (size 2 2) (drill 1) (layers *.Cu *.Mask)
      (net 72 /D5))
    (pad 4 thru_hole circle (at -27.94 -2.54) (size 2 2) (drill 1) (layers *.Cu *.Mask)
      (net 73 /D4))
    (pad 9 thru_hole circle (at -27.94 10.16) (size 2 2) (drill 1) (layers *.Cu *.Mask)
      (net 1 GND))
    (pad 8 thru_hole circle (at -27.94 7.62) (size 2 2) (drill 1) (layers *.Cu *.Mask)
      (net 69 /D0))
    (pad 7 thru_hole circle (at -27.94 5.08) (size 2 2) (drill 1) (layers *.Cu *.Mask)
      (net 68 /D1))
    (pad 6 thru_hole circle (at -27.94 2.54) (size 2 2) (drill 1) (layers *.Cu *.Mask)
      (net 67 /D2))
    (pad 5 thru_hole circle (at -27.94 0) (size 2 2) (drill 1) (layers *.Cu *.Mask)
      (net 66 /D3))
    (pad "" thru_hole circle (at -25.4 -30.48) (size 6 6) (drill 3.4) (layers *.Cu *.Mask)
      (net 1 GND))
    (pad "" thru_hole circle (at -25.4 30.48) (size 6 6) (drill 3.4) (layers *.Cu *.Mask)
      (net 1 GND))
  )

  (module SOT:SOT-23-6 (layer Top_Layer) (tedit 5A11FD8A) (tstamp 5D2F1212)
    (at 136.8 51.05)
    (descr "6-pin SOT-23 package, Handsoldering")
    (tags "SOT-23-6 Handsoldering")
    (path /5D242B82/628CA7EE)
    (attr smd)
    (fp_text reference Q221 (at 3 0 90) (layer F.SilkS)
      (effects (font (size 0.6 0.6) (thickness 0.15)))
    )
    (fp_text value DMN3135LVT (at 0 2.9) (layer F.Fab)
      (effects (font (size 1 1) (thickness 0.15)))
    )
    (fp_line (start 0.9 -1.55) (end 0.9 1.55) (layer F.Fab) (width 0.15))
    (fp_line (start 0.9 1.55) (end -0.9 1.55) (layer F.Fab) (width 0.15))
    (fp_line (start -0.9 -0.9) (end -0.9 1.55) (layer F.Fab) (width 0.15))
    (fp_line (start 0.9 -1.55) (end -0.25 -1.55) (layer F.Fab) (width 0.15))
    (fp_line (start -0.9 -0.9) (end -0.25 -1.55) (layer F.Fab) (width 0.15))
    (fp_line (start -2.4 -1.8) (end 2.4 -1.8) (layer F.CrtYd) (width 0.05))
    (fp_line (start 2.4 -1.8) (end 2.4 1.8) (layer F.CrtYd) (width 0.05))
    (fp_line (start 2.4 1.8) (end -2.4 1.8) (layer F.CrtYd) (width 0.05))
    (fp_line (start -2.4 1.8) (end -2.4 -1.8) (layer F.CrtYd) (width 0.05))
    (fp_line (start 0.9 -1.61) (end -2.05 -1.61) (layer F.SilkS) (width 0.12))
    (fp_line (start -0.9 1.61) (end 0.9 1.61) (layer F.SilkS) (width 0.12))
    (fp_text user %R (at 0 0 90) (layer F.Fab)
      (effects (font (size 1 1) (thickness 0.15)))
    )
    (pad 5 smd rect (at 1.35 0) (size 1.56 0.65) (layers Top_Layer F.Paste F.Mask)
      (net 38 "Net-(Q221-Pad2)"))
    (pad 6 smd rect (at 1.35 -0.95) (size 1.56 0.65) (layers Top_Layer F.Paste F.Mask)
      (net 39 "Net-(Q221-Pad6)"))
    (pad 4 smd rect (at 1.35 0.95) (size 1.56 0.65) (layers Top_Layer F.Paste F.Mask)
      (net 8 /BAT6))
    (pad 3 smd rect (at -1.35 0.95) (size 1.56 0.65) (layers Top_Layer F.Paste F.Mask)
      (net 46 "Net-(Q221-Pad1)"))
    (pad 2 smd rect (at -1.35 0) (size 1.56 0.65) (layers Top_Layer F.Paste F.Mask)
      (net 38 "Net-(Q221-Pad2)"))
    (pad 1 smd rect (at -1.35 -0.95) (size 1.56 0.65) (layers Top_Layer F.Paste F.Mask)
      (net 46 "Net-(Q221-Pad1)"))
    (model SOT.3dshapes/SOT-23-6.wrl
      (at (xyz 0 0 0))
      (scale (xyz 1 1 1))
      (rotate (xyz 0 0 0))
    )
  )

  (module SOT:SOT-23-3 (layer Top_Layer) (tedit 58CE4E7E) (tstamp 5D2F11E7)
    (at 131.35 67.05)
    (descr "SOT-23, Standard")
    (tags SOT-23)
    (path /5D242B82/62518A28)
    (attr smd)
    (fp_text reference Q219 (at 2.2 0 90) (layer F.SilkS)
      (effects (font (size 0.6 0.6) (thickness 0.15)))
    )
    (fp_text value BSS84LT1G (at 0 2.5) (layer F.Fab)
      (effects (font (size 1 1) (thickness 0.15)))
    )
    (fp_line (start -0.7 -0.95) (end -0.7 1.5) (layer F.Fab) (width 0.15))
    (fp_line (start -0.15 -1.52) (end 0.7 -1.52) (layer F.Fab) (width 0.15))
    (fp_line (start -0.7 -0.95) (end -0.15 -1.52) (layer F.Fab) (width 0.15))
    (fp_line (start 0.7 -1.52) (end 0.7 1.52) (layer F.Fab) (width 0.15))
    (fp_line (start -0.7 1.52) (end 0.7 1.52) (layer F.Fab) (width 0.15))
    (fp_line (start 0.76 1.58) (end 0.76 0.65) (layer F.SilkS) (width 0.12))
    (fp_line (start 0.76 -1.58) (end 0.76 -0.65) (layer F.SilkS) (width 0.12))
    (fp_line (start -1.7 -1.75) (end 1.7 -1.75) (layer F.CrtYd) (width 0.05))
    (fp_line (start 1.7 -1.75) (end 1.7 1.75) (layer F.CrtYd) (width 0.05))
    (fp_line (start 1.7 1.75) (end -1.7 1.75) (layer F.CrtYd) (width 0.05))
    (fp_line (start -1.7 1.75) (end -1.7 -1.75) (layer F.CrtYd) (width 0.05))
    (fp_line (start 0.76 -1.58) (end -1.4 -1.58) (layer F.SilkS) (width 0.12))
    (fp_line (start 0.76 1.58) (end -0.7 1.58) (layer F.SilkS) (width 0.12))
    (fp_text user %R (at 0 0 90) (layer F.Fab)
      (effects (font (size 1 1) (thickness 0.15)))
    )
    (pad 1 smd rect (at -1 -0.95) (size 0.9 0.8) (layers Top_Layer F.Paste F.Mask)
      (net 35 "Net-(Q219-Pad1)"))
    (pad 2 smd rect (at -1 0.95) (size 0.9 0.8) (layers Top_Layer F.Paste F.Mask)
      (net 7 /BAT5))
    (pad 3 smd rect (at 1 0) (size 0.9 0.8) (layers Top_Layer F.Paste F.Mask)
      (net 34 "Net-(Q219-Pad3)"))
    (model SOT.3dshapes/SOT-23-3.wrl
      (at (xyz 0 0 0))
      (scale (xyz 1 1 1))
      (rotate (xyz 0 0 0))
    )
  )

  (module SOT:SOT-23-3 (layer Top_Layer) (tedit 58CE4E7E) (tstamp 5D2F1069)
    (at 126.15 83.05)
    (descr "SOT-23, Standard")
    (tags SOT-23)
    (path /5D242B82/622689D1)
    (attr smd)
    (fp_text reference Q201 (at 0 2.2) (layer F.SilkS)
      (effects (font (size 0.6 0.6) (thickness 0.15)))
    )
    (fp_text value 2N7002-7-F (at 0 2.5) (layer F.Fab)
      (effects (font (size 1 1) (thickness 0.15)))
    )
    (fp_line (start 0.76 1.58) (end -0.7 1.58) (layer F.SilkS) (width 0.12))
    (fp_line (start 0.76 -1.58) (end -1.4 -1.58) (layer F.SilkS) (width 0.12))
    (fp_line (start -1.7 1.75) (end -1.7 -1.75) (layer F.CrtYd) (width 0.05))
    (fp_line (start 1.7 1.75) (end -1.7 1.75) (layer F.CrtYd) (width 0.05))
    (fp_line (start 1.7 -1.75) (end 1.7 1.75) (layer F.CrtYd) (width 0.05))
    (fp_line (start -1.7 -1.75) (end 1.7 -1.75) (layer F.CrtYd) (width 0.05))
    (fp_line (start 0.76 -1.58) (end 0.76 -0.65) (layer F.SilkS) (width 0.12))
    (fp_line (start 0.76 1.58) (end 0.76 0.65) (layer F.SilkS) (width 0.12))
    (fp_line (start -0.7 1.52) (end 0.7 1.52) (layer F.Fab) (width 0.15))
    (fp_line (start 0.7 -1.52) (end 0.7 1.52) (layer F.Fab) (width 0.15))
    (fp_line (start -0.7 -0.95) (end -0.15 -1.52) (layer F.Fab) (width 0.15))
    (fp_line (start -0.15 -1.52) (end 0.7 -1.52) (layer F.Fab) (width 0.15))
    (fp_line (start -0.7 -0.95) (end -0.7 1.5) (layer F.Fab) (width 0.15))
    (fp_text user %R (at 0 0 90) (layer F.Fab)
      (effects (font (size 1 1) (thickness 0.15)))
    )
    (pad 3 smd rect (at 1 0) (size 0.9 0.8) (layers Top_Layer F.Paste F.Mask)
      (net 10 "Net-(Q201-Pad3)"))
    (pad 2 smd rect (at -1 0.95) (size 0.9 0.8) (layers Top_Layer F.Paste F.Mask)
      (net 1 GND))
    (pad 1 smd rect (at -1 -0.95) (size 0.9 0.8) (layers Top_Layer F.Paste F.Mask)
      (net 66 /D3))
    (model SOT.3dshapes/SOT-23-3.wrl
      (at (xyz 0 0 0))
      (scale (xyz 1 1 1))
      (rotate (xyz 0 0 0))
    )
  )

  (module SOT:SOT-23-3 (layer Top_Layer) (tedit 58CE4E7E) (tstamp 5D2F107E)
    (at 126.15 91.05)
    (descr "SOT-23, Standard")
    (tags SOT-23)
    (path /5D242B82/6218E568)
    (attr smd)
    (fp_text reference Q202 (at 0 2.2) (layer F.SilkS)
      (effects (font (size 0.6 0.6) (thickness 0.15)))
    )
    (fp_text value 2N7002-7-F (at 0 2.5) (layer F.Fab)
      (effects (font (size 1 1) (thickness 0.15)))
    )
    (fp_line (start 0.76 1.58) (end -0.7 1.58) (layer F.SilkS) (width 0.12))
    (fp_line (start 0.76 -1.58) (end -1.4 -1.58) (layer F.SilkS) (width 0.12))
    (fp_line (start -1.7 1.75) (end -1.7 -1.75) (layer F.CrtYd) (width 0.05))
    (fp_line (start 1.7 1.75) (end -1.7 1.75) (layer F.CrtYd) (width 0.05))
    (fp_line (start 1.7 -1.75) (end 1.7 1.75) (layer F.CrtYd) (width 0.05))
    (fp_line (start -1.7 -1.75) (end 1.7 -1.75) (layer F.CrtYd) (width 0.05))
    (fp_line (start 0.76 -1.58) (end 0.76 -0.65) (layer F.SilkS) (width 0.12))
    (fp_line (start 0.76 1.58) (end 0.76 0.65) (layer F.SilkS) (width 0.12))
    (fp_line (start -0.7 1.52) (end 0.7 1.52) (layer F.Fab) (width 0.15))
    (fp_line (start 0.7 -1.52) (end 0.7 1.52) (layer F.Fab) (width 0.15))
    (fp_line (start -0.7 -0.95) (end -0.15 -1.52) (layer F.Fab) (width 0.15))
    (fp_line (start -0.15 -1.52) (end 0.7 -1.52) (layer F.Fab) (width 0.15))
    (fp_line (start -0.7 -0.95) (end -0.7 1.5) (layer F.Fab) (width 0.15))
    (fp_text user %R (at 0 0 90) (layer F.Fab)
      (effects (font (size 1 1) (thickness 0.15)))
    )
    (pad 3 smd rect (at 1 0) (size 0.9 0.8) (layers Top_Layer F.Paste F.Mask)
      (net 11 "Net-(Q202-Pad3)"))
    (pad 2 smd rect (at -1 0.95) (size 0.9 0.8) (layers Top_Layer F.Paste F.Mask)
      (net 1 GND))
    (pad 1 smd rect (at -1 -0.95) (size 0.9 0.8) (layers Top_Layer F.Paste F.Mask)
      (net 67 /D2))
    (model SOT.3dshapes/SOT-23-3.wrl
      (at (xyz 0 0 0))
      (scale (xyz 1 1 1))
      (rotate (xyz 0 0 0))
    )
  )

  (module SOT:SOT-23-3 (layer Top_Layer) (tedit 58CE4E7E) (tstamp 5D2F1093)
    (at 126.15 99.05)
    (descr "SOT-23, Standard")
    (tags SOT-23)
    (path /5D242B82/5D38A04F)
    (attr smd)
    (fp_text reference Q203 (at 0 2.3) (layer F.SilkS)
      (effects (font (size 0.6 0.6) (thickness 0.15)))
    )
    (fp_text value 2N7002-7-F (at 0 2.5) (layer F.Fab)
      (effects (font (size 1 1) (thickness 0.15)))
    )
    (fp_line (start 0.76 1.58) (end -0.7 1.58) (layer F.SilkS) (width 0.12))
    (fp_line (start 0.76 -1.58) (end -1.4 -1.58) (layer F.SilkS) (width 0.12))
    (fp_line (start -1.7 1.75) (end -1.7 -1.75) (layer F.CrtYd) (width 0.05))
    (fp_line (start 1.7 1.75) (end -1.7 1.75) (layer F.CrtYd) (width 0.05))
    (fp_line (start 1.7 -1.75) (end 1.7 1.75) (layer F.CrtYd) (width 0.05))
    (fp_line (start -1.7 -1.75) (end 1.7 -1.75) (layer F.CrtYd) (width 0.05))
    (fp_line (start 0.76 -1.58) (end 0.76 -0.65) (layer F.SilkS) (width 0.12))
    (fp_line (start 0.76 1.58) (end 0.76 0.65) (layer F.SilkS) (width 0.12))
    (fp_line (start -0.7 1.52) (end 0.7 1.52) (layer F.Fab) (width 0.15))
    (fp_line (start 0.7 -1.52) (end 0.7 1.52) (layer F.Fab) (width 0.15))
    (fp_line (start -0.7 -0.95) (end -0.15 -1.52) (layer F.Fab) (width 0.15))
    (fp_line (start -0.15 -1.52) (end 0.7 -1.52) (layer F.Fab) (width 0.15))
    (fp_line (start -0.7 -0.95) (end -0.7 1.5) (layer F.Fab) (width 0.15))
    (fp_text user %R (at 0 0 90) (layer F.Fab)
      (effects (font (size 1 1) (thickness 0.15)))
    )
    (pad 3 smd rect (at 1 0) (size 0.9 0.8) (layers Top_Layer F.Paste F.Mask)
      (net 12 "Net-(Q203-Pad3)"))
    (pad 2 smd rect (at -1 0.95) (size 0.9 0.8) (layers Top_Layer F.Paste F.Mask)
      (net 1 GND))
    (pad 1 smd rect (at -1 -0.95) (size 0.9 0.8) (layers Top_Layer F.Paste F.Mask)
      (net 68 /D1))
    (model SOT.3dshapes/SOT-23-3.wrl
      (at (xyz 0 0 0))
      (scale (xyz 1 1 1))
      (rotate (xyz 0 0 0))
    )
  )

  (module SOT:SOT-23-3 (layer Top_Layer) (tedit 58CE4E7E) (tstamp 5D2F10A8)
    (at 126.6 107.05)
    (descr "SOT-23, Standard")
    (tags SOT-23)
    (path /5D242B82/5D33395D)
    (attr smd)
    (fp_text reference Q204 (at 2.4 -0.075 90) (layer F.SilkS)
      (effects (font (size 0.6 0.6) (thickness 0.15)))
    )
    (fp_text value 2N7002-7-F (at 0 2.5) (layer F.Fab)
      (effects (font (size 1 1) (thickness 0.15)))
    )
    (fp_line (start 0.76 1.58) (end -0.7 1.58) (layer F.SilkS) (width 0.12))
    (fp_line (start 0.76 -1.58) (end -1.4 -1.58) (layer F.SilkS) (width 0.12))
    (fp_line (start -1.7 1.75) (end -1.7 -1.75) (layer F.CrtYd) (width 0.05))
    (fp_line (start 1.7 1.75) (end -1.7 1.75) (layer F.CrtYd) (width 0.05))
    (fp_line (start 1.7 -1.75) (end 1.7 1.75) (layer F.CrtYd) (width 0.05))
    (fp_line (start -1.7 -1.75) (end 1.7 -1.75) (layer F.CrtYd) (width 0.05))
    (fp_line (start 0.76 -1.58) (end 0.76 -0.65) (layer F.SilkS) (width 0.12))
    (fp_line (start 0.76 1.58) (end 0.76 0.65) (layer F.SilkS) (width 0.12))
    (fp_line (start -0.7 1.52) (end 0.7 1.52) (layer F.Fab) (width 0.15))
    (fp_line (start 0.7 -1.52) (end 0.7 1.52) (layer F.Fab) (width 0.15))
    (fp_line (start -0.7 -0.95) (end -0.15 -1.52) (layer F.Fab) (width 0.15))
    (fp_line (start -0.15 -1.52) (end 0.7 -1.52) (layer F.Fab) (width 0.15))
    (fp_line (start -0.7 -0.95) (end -0.7 1.5) (layer F.Fab) (width 0.15))
    (fp_text user %R (at 0 0 90) (layer F.Fab)
      (effects (font (size 1 1) (thickness 0.15)))
    )
    (pad 3 smd rect (at 1 0) (size 0.9 0.8) (layers Top_Layer F.Paste F.Mask)
      (net 13 "Net-(Q204-Pad3)"))
    (pad 2 smd rect (at -1 0.95) (size 0.9 0.8) (layers Top_Layer F.Paste F.Mask)
      (net 1 GND))
    (pad 1 smd rect (at -1 -0.95) (size 0.9 0.8) (layers Top_Layer F.Paste F.Mask)
      (net 69 /D0))
    (model SOT.3dshapes/SOT-23-3.wrl
      (at (xyz 0 0 0))
      (scale (xyz 1 1 1))
      (rotate (xyz 0 0 0))
    )
  )

  (module SOT:SOT-23-3 (layer Top_Layer) (tedit 58CE4E7E) (tstamp 5D2F10BD)
    (at 131.4 83.05)
    (descr "SOT-23, Standard")
    (tags SOT-23)
    (path /5D242B82/622689B9)
    (attr smd)
    (fp_text reference Q205 (at 2.15 0 90) (layer F.SilkS)
      (effects (font (size 0.6 0.6) (thickness 0.15)))
    )
    (fp_text value BSS84LT1G (at 0 2.5) (layer F.Fab)
      (effects (font (size 1 1) (thickness 0.15)))
    )
    (fp_line (start -0.7 -0.95) (end -0.7 1.5) (layer F.Fab) (width 0.15))
    (fp_line (start -0.15 -1.52) (end 0.7 -1.52) (layer F.Fab) (width 0.15))
    (fp_line (start -0.7 -0.95) (end -0.15 -1.52) (layer F.Fab) (width 0.15))
    (fp_line (start 0.7 -1.52) (end 0.7 1.52) (layer F.Fab) (width 0.15))
    (fp_line (start -0.7 1.52) (end 0.7 1.52) (layer F.Fab) (width 0.15))
    (fp_line (start 0.76 1.58) (end 0.76 0.65) (layer F.SilkS) (width 0.12))
    (fp_line (start 0.76 -1.58) (end 0.76 -0.65) (layer F.SilkS) (width 0.12))
    (fp_line (start -1.7 -1.75) (end 1.7 -1.75) (layer F.CrtYd) (width 0.05))
    (fp_line (start 1.7 -1.75) (end 1.7 1.75) (layer F.CrtYd) (width 0.05))
    (fp_line (start 1.7 1.75) (end -1.7 1.75) (layer F.CrtYd) (width 0.05))
    (fp_line (start -1.7 1.75) (end -1.7 -1.75) (layer F.CrtYd) (width 0.05))
    (fp_line (start 0.76 -1.58) (end -1.4 -1.58) (layer F.SilkS) (width 0.12))
    (fp_line (start 0.76 1.58) (end -0.7 1.58) (layer F.SilkS) (width 0.12))
    (fp_text user %R (at 0 0 90) (layer F.Fab)
      (effects (font (size 1 1) (thickness 0.15)))
    )
    (pad 1 smd rect (at -1 -0.95) (size 0.9 0.8) (layers Top_Layer F.Paste F.Mask)
      (net 50 "Net-(Q205-Pad1)"))
    (pad 2 smd rect (at -1 0.95) (size 0.9 0.8) (layers Top_Layer F.Paste F.Mask)
      (net 5 /BAT3))
    (pad 3 smd rect (at 1 0) (size 0.9 0.8) (layers Top_Layer F.Paste F.Mask)
      (net 14 "Net-(Q205-Pad3)"))
    (model SOT.3dshapes/SOT-23-3.wrl
      (at (xyz 0 0 0))
      (scale (xyz 1 1 1))
      (rotate (xyz 0 0 0))
    )
  )

  (module SOT:SOT-23-3 (layer Top_Layer) (tedit 58CE4E7E) (tstamp 5D2F8B33)
    (at 131.4 91.05)
    (descr "SOT-23, Standard")
    (tags SOT-23)
    (path /5D242B82/6218E550)
    (attr smd)
    (fp_text reference Q206 (at 2.25 0 90) (layer F.SilkS)
      (effects (font (size 0.6 0.6) (thickness 0.15)))
    )
    (fp_text value BSS84LT1G (at 0 2.5) (layer F.Fab)
      (effects (font (size 1 1) (thickness 0.15)))
    )
    (fp_line (start 0.76 1.58) (end -0.7 1.58) (layer F.SilkS) (width 0.12))
    (fp_line (start 0.76 -1.58) (end -1.4 -1.58) (layer F.SilkS) (width 0.12))
    (fp_line (start -1.7 1.75) (end -1.7 -1.75) (layer F.CrtYd) (width 0.05))
    (fp_line (start 1.7 1.75) (end -1.7 1.75) (layer F.CrtYd) (width 0.05))
    (fp_line (start 1.7 -1.75) (end 1.7 1.75) (layer F.CrtYd) (width 0.05))
    (fp_line (start -1.7 -1.75) (end 1.7 -1.75) (layer F.CrtYd) (width 0.05))
    (fp_line (start 0.76 -1.58) (end 0.76 -0.65) (layer F.SilkS) (width 0.12))
    (fp_line (start 0.76 1.58) (end 0.76 0.65) (layer F.SilkS) (width 0.12))
    (fp_line (start -0.7 1.52) (end 0.7 1.52) (layer F.Fab) (width 0.15))
    (fp_line (start 0.7 -1.52) (end 0.7 1.52) (layer F.Fab) (width 0.15))
    (fp_line (start -0.7 -0.95) (end -0.15 -1.52) (layer F.Fab) (width 0.15))
    (fp_line (start -0.15 -1.52) (end 0.7 -1.52) (layer F.Fab) (width 0.15))
    (fp_line (start -0.7 -0.95) (end -0.7 1.5) (layer F.Fab) (width 0.15))
    (fp_text user %R (at 0 0 90) (layer F.Fab)
      (effects (font (size 1 1) (thickness 0.15)))
    )
    (pad 3 smd rect (at 1 0) (size 0.9 0.8) (layers Top_Layer F.Paste F.Mask)
      (net 15 "Net-(Q206-Pad3)"))
    (pad 2 smd rect (at -1 0.95) (size 0.9 0.8) (layers Top_Layer F.Paste F.Mask)
      (net 4 /BAT2))
    (pad 1 smd rect (at -1 -0.95) (size 0.9 0.8) (layers Top_Layer F.Paste F.Mask)
      (net 51 "Net-(Q206-Pad1)"))
    (model SOT.3dshapes/SOT-23-3.wrl
      (at (xyz 0 0 0))
      (scale (xyz 1 1 1))
      (rotate (xyz 0 0 0))
    )
  )

  (module SOT:SOT-23-3 (layer Top_Layer) (tedit 58CE4E7E) (tstamp 5D2F89B9)
    (at 131.4 99.05)
    (descr "SOT-23, Standard")
    (tags SOT-23)
    (path /5D242B82/5D38A028)
    (attr smd)
    (fp_text reference Q207 (at 2.4 0 90) (layer F.SilkS)
      (effects (font (size 0.6 0.6) (thickness 0.15)))
    )
    (fp_text value BSS84LT1G (at 0 2.5) (layer F.Fab)
      (effects (font (size 1 1) (thickness 0.15)))
    )
    (fp_line (start 0.76 1.58) (end -0.7 1.58) (layer F.SilkS) (width 0.12))
    (fp_line (start 0.76 -1.58) (end -1.4 -1.58) (layer F.SilkS) (width 0.12))
    (fp_line (start -1.7 1.75) (end -1.7 -1.75) (layer F.CrtYd) (width 0.05))
    (fp_line (start 1.7 1.75) (end -1.7 1.75) (layer F.CrtYd) (width 0.05))
    (fp_line (start 1.7 -1.75) (end 1.7 1.75) (layer F.CrtYd) (width 0.05))
    (fp_line (start -1.7 -1.75) (end 1.7 -1.75) (layer F.CrtYd) (width 0.05))
    (fp_line (start 0.76 -1.58) (end 0.76 -0.65) (layer F.SilkS) (width 0.12))
    (fp_line (start 0.76 1.58) (end 0.76 0.65) (layer F.SilkS) (width 0.12))
    (fp_line (start -0.7 1.52) (end 0.7 1.52) (layer F.Fab) (width 0.15))
    (fp_line (start 0.7 -1.52) (end 0.7 1.52) (layer F.Fab) (width 0.15))
    (fp_line (start -0.7 -0.95) (end -0.15 -1.52) (layer F.Fab) (width 0.15))
    (fp_line (start -0.15 -1.52) (end 0.7 -1.52) (layer F.Fab) (width 0.15))
    (fp_line (start -0.7 -0.95) (end -0.7 1.5) (layer F.Fab) (width 0.15))
    (fp_text user %R (at 0 0 90) (layer F.Fab)
      (effects (font (size 1 1) (thickness 0.15)))
    )
    (pad 3 smd rect (at 1 0) (size 0.9 0.8) (layers Top_Layer F.Paste F.Mask)
      (net 16 "Net-(Q207-Pad3)"))
    (pad 2 smd rect (at -1 0.95) (size 0.9 0.8) (layers Top_Layer F.Paste F.Mask)
      (net 3 /BAT1))
    (pad 1 smd rect (at -1 -0.95) (size 0.9 0.8) (layers Top_Layer F.Paste F.Mask)
      (net 52 "Net-(Q207-Pad1)"))
    (model SOT.3dshapes/SOT-23-3.wrl
      (at (xyz 0 0 0))
      (scale (xyz 1 1 1))
      (rotate (xyz 0 0 0))
    )
  )

  (module SOT:SOT-23-3 (layer Top_Layer) (tedit 58CE4E7E) (tstamp 5D2F10FC)
    (at 131.4 107.05)
    (descr "SOT-23, Standard")
    (tags SOT-23)
    (path /5D242B82/5D2B0603)
    (attr smd)
    (fp_text reference Q208 (at 2.4 0 90) (layer F.SilkS)
      (effects (font (size 0.6 0.6) (thickness 0.15)))
    )
    (fp_text value BSS84LT1G (at 0 2.5) (layer F.Fab)
      (effects (font (size 1 1) (thickness 0.15)))
    )
    (fp_line (start -0.7 -0.95) (end -0.7 1.5) (layer F.Fab) (width 0.15))
    (fp_line (start -0.15 -1.52) (end 0.7 -1.52) (layer F.Fab) (width 0.15))
    (fp_line (start -0.7 -0.95) (end -0.15 -1.52) (layer F.Fab) (width 0.15))
    (fp_line (start 0.7 -1.52) (end 0.7 1.52) (layer F.Fab) (width 0.15))
    (fp_line (start -0.7 1.52) (end 0.7 1.52) (layer F.Fab) (width 0.15))
    (fp_line (start 0.76 1.58) (end 0.76 0.65) (layer F.SilkS) (width 0.12))
    (fp_line (start 0.76 -1.58) (end 0.76 -0.65) (layer F.SilkS) (width 0.12))
    (fp_line (start -1.7 -1.75) (end 1.7 -1.75) (layer F.CrtYd) (width 0.05))
    (fp_line (start 1.7 -1.75) (end 1.7 1.75) (layer F.CrtYd) (width 0.05))
    (fp_line (start 1.7 1.75) (end -1.7 1.75) (layer F.CrtYd) (width 0.05))
    (fp_line (start -1.7 1.75) (end -1.7 -1.75) (layer F.CrtYd) (width 0.05))
    (fp_line (start 0.76 -1.58) (end -1.4 -1.58) (layer F.SilkS) (width 0.12))
    (fp_line (start 0.76 1.58) (end -0.7 1.58) (layer F.SilkS) (width 0.12))
    (fp_text user %R (at 0 0 90) (layer F.Fab)
      (effects (font (size 1 1) (thickness 0.15)))
    )
    (pad 1 smd rect (at -1 -0.95) (size 0.9 0.8) (layers Top_Layer F.Paste F.Mask)
      (net 53 "Net-(Q208-Pad1)"))
    (pad 2 smd rect (at -1 0.95) (size 0.9 0.8) (layers Top_Layer F.Paste F.Mask)
      (net 2 /BAT0))
    (pad 3 smd rect (at 1 0) (size 0.9 0.8) (layers Top_Layer F.Paste F.Mask)
      (net 17 "Net-(Q208-Pad3)"))
    (model SOT.3dshapes/SOT-23-3.wrl
      (at (xyz 0 0 0))
      (scale (xyz 1 1 1))
      (rotate (xyz 0 0 0))
    )
  )

  (module SOT:SOT-23-6 (layer Top_Layer) (tedit 5A11FD8A) (tstamp 5D2F1112)
    (at 136.8 83.05)
    (descr "6-pin SOT-23 package, Handsoldering")
    (tags "SOT-23-6 Handsoldering")
    (path /5D242B82/62268997)
    (attr smd)
    (fp_text reference Q209 (at 3 0 90) (layer F.SilkS)
      (effects (font (size 0.6 0.6) (thickness 0.15)))
    )
    (fp_text value DMN3135LVT (at 0 2.9) (layer F.Fab)
      (effects (font (size 1 1) (thickness 0.15)))
    )
    (fp_line (start 0.9 -1.55) (end 0.9 1.55) (layer F.Fab) (width 0.15))
    (fp_line (start 0.9 1.55) (end -0.9 1.55) (layer F.Fab) (width 0.15))
    (fp_line (start -0.9 -0.9) (end -0.9 1.55) (layer F.Fab) (width 0.15))
    (fp_line (start 0.9 -1.55) (end -0.25 -1.55) (layer F.Fab) (width 0.15))
    (fp_line (start -0.9 -0.9) (end -0.25 -1.55) (layer F.Fab) (width 0.15))
    (fp_line (start -2.4 -1.8) (end 2.4 -1.8) (layer F.CrtYd) (width 0.05))
    (fp_line (start 2.4 -1.8) (end 2.4 1.8) (layer F.CrtYd) (width 0.05))
    (fp_line (start 2.4 1.8) (end -2.4 1.8) (layer F.CrtYd) (width 0.05))
    (fp_line (start -2.4 1.8) (end -2.4 -1.8) (layer F.CrtYd) (width 0.05))
    (fp_line (start 0.9 -1.61) (end -2.05 -1.61) (layer F.SilkS) (width 0.12))
    (fp_line (start -0.9 1.61) (end 0.9 1.61) (layer F.SilkS) (width 0.12))
    (fp_text user %R (at 0 0 90) (layer F.Fab)
      (effects (font (size 1 1) (thickness 0.15)))
    )
    (pad 5 smd rect (at 1.35 0) (size 1.56 0.65) (layers Top_Layer F.Paste F.Mask)
      (net 18 "Net-(Q209-Pad2)"))
    (pad 6 smd rect (at 1.35 -0.95) (size 1.56 0.65) (layers Top_Layer F.Paste F.Mask)
      (net 19 "Net-(Q209-Pad6)"))
    (pad 4 smd rect (at 1.35 0.95) (size 1.56 0.65) (layers Top_Layer F.Paste F.Mask)
      (net 4 /BAT2))
    (pad 3 smd rect (at -1.35 0.95) (size 1.56 0.65) (layers Top_Layer F.Paste F.Mask)
      (net 54 "Net-(Q209-Pad1)"))
    (pad 2 smd rect (at -1.35 0) (size 1.56 0.65) (layers Top_Layer F.Paste F.Mask)
      (net 18 "Net-(Q209-Pad2)"))
    (pad 1 smd rect (at -1.35 -0.95) (size 1.56 0.65) (layers Top_Layer F.Paste F.Mask)
      (net 54 "Net-(Q209-Pad1)"))
    (model SOT.3dshapes/SOT-23-6.wrl
      (at (xyz 0 0 0))
      (scale (xyz 1 1 1))
      (rotate (xyz 0 0 0))
    )
  )

  (module SOT:SOT-23-6 (layer Top_Layer) (tedit 5A11FD8A) (tstamp 5D2F8AF5)
    (at 136.8 91.05)
    (descr "6-pin SOT-23 package, Handsoldering")
    (tags "SOT-23-6 Handsoldering")
    (path /5D242B82/6218E52E)
    (attr smd)
    (fp_text reference Q210 (at 3 0 90) (layer F.SilkS)
      (effects (font (size 0.6 0.6) (thickness 0.15)))
    )
    (fp_text value DMN3135LVT (at 0 2.9) (layer F.Fab)
      (effects (font (size 1 1) (thickness 0.15)))
    )
    (fp_line (start 0.9 -1.55) (end 0.9 1.55) (layer F.Fab) (width 0.15))
    (fp_line (start 0.9 1.55) (end -0.9 1.55) (layer F.Fab) (width 0.15))
    (fp_line (start -0.9 -0.9) (end -0.9 1.55) (layer F.Fab) (width 0.15))
    (fp_line (start 0.9 -1.55) (end -0.25 -1.55) (layer F.Fab) (width 0.15))
    (fp_line (start -0.9 -0.9) (end -0.25 -1.55) (layer F.Fab) (width 0.15))
    (fp_line (start -2.4 -1.8) (end 2.4 -1.8) (layer F.CrtYd) (width 0.05))
    (fp_line (start 2.4 -1.8) (end 2.4 1.8) (layer F.CrtYd) (width 0.05))
    (fp_line (start 2.4 1.8) (end -2.4 1.8) (layer F.CrtYd) (width 0.05))
    (fp_line (start -2.4 1.8) (end -2.4 -1.8) (layer F.CrtYd) (width 0.05))
    (fp_line (start 0.9 -1.61) (end -2.05 -1.61) (layer F.SilkS) (width 0.12))
    (fp_line (start -0.9 1.61) (end 0.9 1.61) (layer F.SilkS) (width 0.12))
    (fp_text user %R (at 0 0 90) (layer F.Fab)
      (effects (font (size 1 1) (thickness 0.15)))
    )
    (pad 5 smd rect (at 1.35 0) (size 1.56 0.65) (layers Top_Layer F.Paste F.Mask)
      (net 20 "Net-(Q210-Pad2)"))
    (pad 6 smd rect (at 1.35 -0.95) (size 1.56 0.65) (layers Top_Layer F.Paste F.Mask)
      (net 21 "Net-(Q210-Pad6)"))
    (pad 4 smd rect (at 1.35 0.95) (size 1.56 0.65) (layers Top_Layer F.Paste F.Mask)
      (net 3 /BAT1))
    (pad 3 smd rect (at -1.35 0.95) (size 1.56 0.65) (layers Top_Layer F.Paste F.Mask)
      (net 55 "Net-(Q210-Pad1)"))
    (pad 2 smd rect (at -1.35 0) (size 1.56 0.65) (layers Top_Layer F.Paste F.Mask)
      (net 20 "Net-(Q210-Pad2)"))
    (pad 1 smd rect (at -1.35 -0.95) (size 1.56 0.65) (layers Top_Layer F.Paste F.Mask)
      (net 55 "Net-(Q210-Pad1)"))
    (model SOT.3dshapes/SOT-23-6.wrl
      (at (xyz 0 0 0))
      (scale (xyz 1 1 1))
      (rotate (xyz 0 0 0))
    )
  )

  (module SOT:SOT-23-6 (layer Top_Layer) (tedit 5A11FD8A) (tstamp 5D2F897B)
    (at 136.8 99.05)
    (descr "6-pin SOT-23 package, Handsoldering")
    (tags "SOT-23-6 Handsoldering")
    (path /5D242B82/5D389FF7)
    (attr smd)
    (fp_text reference Q211 (at 3 0 90) (layer F.SilkS)
      (effects (font (size 0.6 0.6) (thickness 0.15)))
    )
    (fp_text value DMN3135LVT (at 0 2.9) (layer F.Fab)
      (effects (font (size 1 1) (thickness 0.15)))
    )
    (fp_line (start -0.9 1.61) (end 0.9 1.61) (layer F.SilkS) (width 0.12))
    (fp_line (start 0.9 -1.61) (end -2.05 -1.61) (layer F.SilkS) (width 0.12))
    (fp_line (start -2.4 1.8) (end -2.4 -1.8) (layer F.CrtYd) (width 0.05))
    (fp_line (start 2.4 1.8) (end -2.4 1.8) (layer F.CrtYd) (width 0.05))
    (fp_line (start 2.4 -1.8) (end 2.4 1.8) (layer F.CrtYd) (width 0.05))
    (fp_line (start -2.4 -1.8) (end 2.4 -1.8) (layer F.CrtYd) (width 0.05))
    (fp_line (start -0.9 -0.9) (end -0.25 -1.55) (layer F.Fab) (width 0.15))
    (fp_line (start 0.9 -1.55) (end -0.25 -1.55) (layer F.Fab) (width 0.15))
    (fp_line (start -0.9 -0.9) (end -0.9 1.55) (layer F.Fab) (width 0.15))
    (fp_line (start 0.9 1.55) (end -0.9 1.55) (layer F.Fab) (width 0.15))
    (fp_line (start 0.9 -1.55) (end 0.9 1.55) (layer F.Fab) (width 0.15))
    (fp_text user %R (at 0 0 90) (layer F.Fab)
      (effects (font (size 1 1) (thickness 0.15)))
    )
    (pad 1 smd rect (at -1.35 -0.95) (size 1.56 0.65) (layers Top_Layer F.Paste F.Mask)
      (net 56 "Net-(Q211-Pad1)"))
    (pad 2 smd rect (at -1.35 0) (size 1.56 0.65) (layers Top_Layer F.Paste F.Mask)
      (net 22 "Net-(Q211-Pad2)"))
    (pad 3 smd rect (at -1.35 0.95) (size 1.56 0.65) (layers Top_Layer F.Paste F.Mask)
      (net 56 "Net-(Q211-Pad1)"))
    (pad 4 smd rect (at 1.35 0.95) (size 1.56 0.65) (layers Top_Layer F.Paste F.Mask)
      (net 2 /BAT0))
    (pad 6 smd rect (at 1.35 -0.95) (size 1.56 0.65) (layers Top_Layer F.Paste F.Mask)
      (net 23 "Net-(Q211-Pad6)"))
    (pad 5 smd rect (at 1.35 0) (size 1.56 0.65) (layers Top_Layer F.Paste F.Mask)
      (net 22 "Net-(Q211-Pad2)"))
    (model SOT.3dshapes/SOT-23-6.wrl
      (at (xyz 0 0 0))
      (scale (xyz 1 1 1))
      (rotate (xyz 0 0 0))
    )
  )

  (module SOT:SOT-23-6 (layer Top_Layer) (tedit 5A11FD8A) (tstamp 5D2F7271)
    (at 136.85 107.05)
    (descr "6-pin SOT-23 package, Handsoldering")
    (tags "SOT-23-6 Handsoldering")
    (path /5D242B82/5D280BE7)
    (attr smd)
    (fp_text reference Q212 (at 2.95 0.05 90) (layer F.SilkS)
      (effects (font (size 0.6 0.6) (thickness 0.15)))
    )
    (fp_text value DMN3135LVT (at 0 2.9) (layer F.Fab)
      (effects (font (size 1 1) (thickness 0.15)))
    )
    (fp_line (start 0.9 -1.55) (end 0.9 1.55) (layer F.Fab) (width 0.15))
    (fp_line (start 0.9 1.55) (end -0.9 1.55) (layer F.Fab) (width 0.15))
    (fp_line (start -0.9 -0.9) (end -0.9 1.55) (layer F.Fab) (width 0.15))
    (fp_line (start 0.9 -1.55) (end -0.25 -1.55) (layer F.Fab) (width 0.15))
    (fp_line (start -0.9 -0.9) (end -0.25 -1.55) (layer F.Fab) (width 0.15))
    (fp_line (start -2.4 -1.8) (end 2.4 -1.8) (layer F.CrtYd) (width 0.05))
    (fp_line (start 2.4 -1.8) (end 2.4 1.8) (layer F.CrtYd) (width 0.05))
    (fp_line (start 2.4 1.8) (end -2.4 1.8) (layer F.CrtYd) (width 0.05))
    (fp_line (start -2.4 1.8) (end -2.4 -1.8) (layer F.CrtYd) (width 0.05))
    (fp_line (start 0.9 -1.61) (end -2.05 -1.61) (layer F.SilkS) (width 0.12))
    (fp_line (start -0.9 1.61) (end 0.9 1.61) (layer F.SilkS) (width 0.12))
    (fp_text user %R (at 0 0 90) (layer F.Fab)
      (effects (font (size 1 1) (thickness 0.15)))
    )
